636
4242
1624
983
2474
2758
1364
420
2641
4634
1151
1384
668
2831
2937
1739
4529
793
2418
1770
3846
4087
1642
747
121
3665
1535
392
1222
2436
4409
4708
5058
2822
4712
3688
2325
4093
1280
4811
2
3623
4169
468
1221
2395
821
1590
1544
3642
2697
4647
1386
2798
3119
4940
875
2981
2885
191
2242
4863
4576
861
36
2435
2133
2334
3875
902
1686
4907
265
4417
2989
853
2259
2917
3771
90
190
4086
4765
4402
1491
2963
1676
2868
4567
428
1503
844
1361
4175
2451
835
2336
1333
1531
3229
3455
1744
2463
4987
2598
2219
4166
373
2038
4412
3685
2284
458
3574
3029
3278
3144
1964
1295
535
3148
1532
93
2622
1337
49
1405
871
4391
3348
4890
2088
4306
260
2632
447
4245
2680
4783
924
693
309
4116
892
2290
687
4697
3231
3465
1107
703
188
1023
3982
2726
3235
822
1696
811
1822
241
684
934
3242
4032
3402
762
1836
882
4872
2813
4782
4251
1918
3154
3983
1961
3463
245
2177
618
23
512
2379
4955
865
1298
2537
3045
2702
3378
1435
1451
292
4178
663
2737
55
254
1591
779
3621
4443
1025
3372
2804
620
2392
3333
2853
3935
2525
4970
4821
183
4734
39
857
4723
1051
763
2173
732
4839
3359
2535
989
2633
784
465
91
3847
2898
2303
1140
1187
4301
2335
1912
3388
1473
939
3939
1255
3345
4645
3995
33
87
4925
2443
1324
1978
4130
696
227
4352
4292
2158
5061
3533
1702
3121
413
2787
4189
2629
1603
3630
3636
3061
1164
4449
1670
2503
6
404
5011
2856
2127
2539
3917
1634
1314
1149
3095
2800
462
3670
557
1190
2174
2497
1899
1362
2312
1031
4552
3026
4268
3612
1898
491
4525
1321
1619
1014
288
949
4814
4904
4256
3421
4573
2383
316
337
3779
3225
2627
4689
1119
4805
1650
4571
1597
2466
3759
1735
4926
2950
4446
5048
3067
4191
1006
2773
4315
2450
3041
1669
3053
2403
1682
3851
2223
3501
3746
1080
4941
1614
1859
397
2455
605
770
4640
3089
3258
2675
4531
1404
2999
3927
1950
4997
3289
2055
1471
4743
3196
419
3728
1837
3814
3018
2550
1348
3212
1147
4500
3690
1430
4427
1505
1155
1569
3035
4148
4711
4181
3912
4787
4457
4442
3124
2739
4378
3088
4004
3572
553
3509
4349
2825
2517
1984
48
2045
1718
682
1133
2004
2118
2808
1005
384
133
2107
56
2900
728
4886
4405
3151
1070
4072
1193
3059
3896
977
4167
5066
623
658
4796
4368
4868
814
2809
1156
100
4271
3297
4219
991
829
4503
538
2079
3432
2991
3483
524
515
3459
1079
46
389
3827
83
452
286
314
3276
3263
906
537
691
3821
3970
534
1195
199
4309
2113
986
997
1843
326
1376
2600
27
2879
1355
550
982
1558
4092
415
607
3909
3906
418
514
532
2932
1277
1989
1188
298
4046
1700
1607
1102
1889
1573
3653
3915
2050
4075
1909
1390
2928
760
4930
1015
3640
2572
3842
1296
517
4633
2020
2925
3749
2964
2200
1480
2658
4188
4176
777
2542
1864
4592
3091
272
4123
1951
2264
1252
3518
1890
1086
1359
1830
2003
4276
4877
2859
987
2267
846
1284
364
1568
3678
1976
1262
4985
4497
42
4789
960
1320
370
1776
931
3499
692
2881
2940
4101
3934
1845
2722
105
4143
4283
1567
1560
4626
2850
872
3780
3184
203
2308
4002
3317
4665
3647
710
281
4430
72
1519
4492
2013
108
1854
956
386
5084
3568
3134
3120
3299
1994
4180
350
1053
3282
487
2344
3496
1342
1021
1378
1450
4437
2149
4009
2753
2689
2770
790
3924
4615
4088
4468
2866
3495
3163
945
1796
5030
5087
2374
2666
3527
3200
4974
3774
4196
817
3281
3910
1762
2541
2751
4361
4184
1352
1460
1817
4818
1541
554
1539
4006
2011
4891
858
335
2827
1826
988
213
1782
1811
1024
2681
343
4581
1548
4533
4363
1738
2610
161
3248
4919
140
4727
366
4193
3363
3427
3531
3327
3850
2140
4272
2178
1803
220
2301
600
4045
4223
1161
390
4090
3265
4653
851
4737
2348
1088
1316
2780
4771
4473
3511
4146
836
5009
4192
1766
1800
5043
2017
1633
729
1809
3976
2274
1370
2712
4923
4555
3508
523
1417
3138
2389
4157
322
2172
2508
3689
1340
4432
1369
4387
3534
3540
500
3806
1705
2533
201
1572
909
4091
1254
144
626
4953
2246
2484
4348
897
1178
3857
369
3023
996
4800
320
3631
1071
2616
671
1347
3157
437
2743
4164
3900
864
1878
4776
3829
3441
1616
4074
1781
2094
4279
249
3241
346
3532
1116
1265
1165
4338
2135
1416
75
1504
3776
2297
3117
2947
3355
2122
1113
4589
312
4280
3358
5051
2884
2148
4819
4981
4228
3491
4826
3683
936
103
4679
4913
2824
769
3379
2421
269
775
1825
1510
160
1637
4094
1465
4569
3732
10
2815
2714
4760
2512
1490
2930
1991
3660
1969
2683
2019
953
917
721
3066
4649
3464
2696
2557
2404
1944
4908
152
3398
773
1309
1546
2237
439
1273
4064
3052
3723
2579
1660
4563
1571
1207
3624
673
4022
2526
4048
2619
1087
1981
4447
1312
2029
918
4486
171
4431
2487
3655
132
774
290
2090
3978
610
2156
3743
4365
2032
3923
480
3444
2294
4028
2462
1074
4214
1270
2307
360
2603
2544
2549
4324
2292
1239
139
4062
3118
4521
4467
1583
1212
4642
3898
624
1153
1914
3559
4509
3848
1536
4961
3369
4162
2966
3549
1667
978
2841
2575
3312
2716
2975
2765
2469
3817
1306
148
1055
2252
771
2496
1289
233
855
1751
457
1247
4619
492
3266
4343
470
4703
4163
102
2254
823
240
2957
2253
179
2203
3861
1602
4577
1356
3211
3841
1564
2424
4902
878
2880
3435
407
95
1479
395
591
4435
5044
2799
785
1257
1587
4355
263
2012
1765
197
250
4716
2500
2147
688
2204
4609
2910
4109
4235
1557
2362
3510
4236
812
464
429
3792
3488
1489
559
4362
4638
1387
1761
4300
1906
318
780
841
3838
187
1645
1242
4399
2987
1851
1713
496
1144
3498
65
4232
236
3979
3807
1422
2235
308
1463
4506
4097
659
4745
4054
4231
2567
3590
4687
68
1747
1802
3673
4252
1002
3373
3374
567
5079
1091
2946
833
5014
4895
4677
440
3796
2030
1764
2440
2942
2439
3361
4247
2229
1791
702
1885
509
1844
1258
3855
4968
2425
1777
627
4608
5031
879
3648
2368
4104
3230
2733
3283
1085
2300
791
31
3722
656
59
5082
1409
4234
4220
3390
5024
764
73
479
4620
4937
3214
4111
1327
2446
2647
3604
1604
2461
1466
558
3271
4780
3234
4548
5008
531
1142
1090
2480
2724
1848
2305
1556
3280
4845
425
354
3777
4656
4583
3380
1049
4731
964
2979
4207
3869
3133
226
2926
2948
2075
4683
3033
796
1008
1721
1911
914
2775
4690
1399
2023
2279
2978
2574
3645
898
4658
3747
1819
3524
4445
2010
3123
3037
1084
2363
4481
3944
4709
4344
2108
3669
3890
3357
3047
2232
1580
3223
1671
2163
574
3329
1136
2638
3813
708
4073
877
952
3458
526
1936
1884
3275
3899
1946
4498
280
4408
2063
648
4160
1291
61
2008
2504
331
4678
2919
4763
485
4954
2293
570
1907
1105
4203
840
475
189
4901
3729
3161
925
3087
993
4914
15
4599
635
2186
4840
4598
3255
1197
3773
1902
2945
2615
1060
1241
3680
2249
490
569
2110
746
3277
2744
2897
3062
4523
4278
124
2710
1515
2640
3318
3143
577
4401
1947
2793
1886
1403
327
4791
1612
1050
2168
4000
416
955
2431
4538
3920
2434
4489
2355
5078
134
368
4495
3166
4113
3754
4713
4397
4964
619
5080
2663
4841
1003
1566
3381
1058
2870
2873
4621
255
2583
4758
3179
801
378
2812
1668
2924
2872
1219
4860
4616
3331
1200
4894
3586
1454
4661
259
1137
2445
995
650
4566
1698
615
1022
455
2687
617
2554
2080
2510
325
640
2968
4115
2189
2901
3043
1313
3613
4153
4707
1322
3863
4739
502
539
4342
1423
1177
2890
677
5002
966
3738
1551
3752
4082
5006
5073
540
3407
4005
1639
847
3481
3270
62
815
4041
3020
1609
1549
4593
3386
3505
3268
1623
1432
2491
2227
1737
3733
1346
3615
1679
942
4681
2867
2262
3416
2119
4725
3725
2304
3261
2041
4466
3599
1046
819
1092
3686
2039
4696
4662
1753
4912
2288
679
4291
2621
5004
207
4239
3025
1000
4328
1879
1618
717
2667
528
4266
1511
3192
4594
1069
3760
4757
2146
2832
4490
2973
466
3056
2123
4827
887
1584
594
3420
4089
2489
3302
4267
1921
4379
4377
2309
4372
1458
2047
4487
597
339
4209
4133
4802
1275
1683
3239
4864
69
3156
772
1724
3587
1601
4762
2729
426
295
3562
1577
1783
4382
5065
3024
1522
4318
3038
3657
754
1338
488
4322
4794
2791
3003
1662
944
9
1154
713
1867
520
529
3065
3446
3060
1269
3406
2384
2909
4588
1103
1953
2661
4680
2522
3349
2777
4859
2478
3545
4275
4945
2684
698
1857
3901
622
2413
20
4264
1448
2270
957
3965
4070
5063
3663
1896
3002
2830
1849
3955
3153
1888
2091
2224
3085
1717
4296
342
2477
4641
676
4246
3022
1883
549
1919
1478
2100
974
2878
1264
1028
1940
2721
778
4513
1701
1158
1818
4141
905
3804
4810
1970
2287
2519
5074
2903
2810
827
2409
727
3111
186
4813
4098
3044
1001
2193
2411
2060
4069
1230
3769
4438
195
2202
2786
63
4806
2821
899
2823
757
2342
3548
4742
3989
3008
1680
867
175
943
3393
2391
219
2428
2332
3260
3343
4888
3016
276
4667
1648
1827
3516
4210
2002
1163
1786
2139
77
2614
4496
2637
4924
1267
753
2967
431
3664
2794
4389
398
3637
3652
1610
674
3411
1905
2599
1068
438
2956
58
4112
2459
2894
2037
2236
2405
3285
4323
4975
4156
1725
4570
4308
1757
2234
4049
504
2778
5029
1641
1506
4477
4182
578
516
2986
916
4071
3311
498
2707
3820
2326
1773
1756
374
1828
1869
1649
718
4037
2749
3419
3252
1689
4535
4688
2531
251
2571
2054
214
4039
2277
4942
5026
3058
2457
1820
4999
2401
4748
4441
3802
3350
4230
2128
97
1124
2360
3701
3950
2546
1125
4770
3994
1875
3165
2591
3767
1799
3240
4050
5010
4470
1464
874
2052
3557
2922
1209
4584
4216
4483
941
4744
3905
2211
4603
4057
2142
3911
990
1954
1821
3295
3269
1661
3195
2851
1459
497
3595
2311
3529
3800
3309
4856
2359
2028
4822
3371
1182
4978
4249
2000
4804
198
1461
1754
1315
3803
4949
1056
1977
2706
4321
2914
3423
8
3627
1202
552
3569
3160
3790
385
3996
287
3249
2056
4225
1904
3756
4881
1445
2208
2328
2314
3245
781
3864
4896
2066
3960
958
1166
1555
1518
1179
2345
1328
1973
3050
863
1449
3322
961
4915
3031
3517
4706
4165
562
2631
4258
2339
5035
3093
2941
3417
2358
1011
2817
1575
3461
2268
3858
4873
3127
2423
120
1635
4001
4733
3319
933
959
759
4518
2097
1812
3891
1605
4129
2099
363
41
3009
1043
2007
3169
2796
1122
1877
4224
1975
3294
474
2159
745
1048
4298
2939
736
1768
2115
2569
685
2441
1326
2153
4017
551
3835
5019
3175
2657
1099
3957
3284
4444
2444
2092
4226
1924
3512
2386
1656
4699
804
3860
1749
4951
2750
142
3489
1654
548
2931
4440
611
4550
2499
4650
2694
202
2513
4606
4331
2313
1075
344
3984
4730
4044
3818
794
2668
2412
1253
1042
3188
4625
1980
1244
4284
2021
4255
2053
3556
2626
478
4659
1882
508
4874
2883
3413
1963
2578
1175
149
3546
2969
4520
2839
2814
4916
3092
4883
3763
3622
928
168
3874
3232
1238
4215
621
4635
2121
3185
5045
143
3210
3782
53
4691
1711
5036
1673
3365
4720
2373
4386
2949
999
4956
1663
3197
543
3072
1823
2220
2031
1040
3383
1987
992
1543
3125
4580
4261
2316
3254
1286
5046
3109
1157
4373
3005
2138
2231
3362
4016
1496
2653
3921
5033
1606
4746
4568
141
4423
80
2212
3575
1397
4922
5070
4729
473
1600
4560
2014
2606
4660
3697
0
2996
1630
1595
3227
1134
293
2665
1862
1462
2256
655
3221
1971
4260
2587
3054
2974
1495
4096
2803
519
2960
5000
511
2701
1611
1038
4456
3770
2074
5064
645
4320
1955
4784
2605
169
3930
1797
459
2206
1922
1516
2086
2349
3216
3478
4879
850
1997
2886
1332
2849
400
2618
2876
3552
4511
115
98
1740
1271
3178
1592
3187
3479
3162
3662
1925
536
1
2904
2058
1527
4218
2081
116
1110
268
3563
2871
706
2317
2426
2847
463
2514
4537
3370
1712
1627
2427
4461
2652
505
3194
2530
2911
634
3315
2529
1774
2255
5056
903
2261
3715
2061
4341
1985
2842
1858
1204
1186
2776
3503
484
3893
5047
2408
725
489
1841
1329
2479
3961
1805
3079
4557
333
4008
4304
1482
1719
3702
4866
4849
2273
3528
2420
3681
1493
396
5075
1769
4124
321
1917
3578
799
2221
2126
4010
2988
4356
3672
1576
324
2905
3679
4906
3731
2759
2779
856
371
2580
2260
3439
3108
501
572
3876
4546
5050
4132
2257
3837
963
4326
137
3034
1855
1282
2275
3778
1439
193
3521
3291
460
4012
2112
3744
2296
3493
4957
1798
2795
4469
1132
3698
1408
3068
1139
1704
1540
177
4051
1017
1486
751
4034
599
2690
3476
3805
4527
2889
4415
2141
3675
3659
737
4201
3418
1145
4077
3772
4747
904
4869
602
1227
741
4
4056
4277
2272
4779
4943
2601
3641
3993
1873
3186
680
336
5020
4528
1176
4551
3368
4205
3564
2213
947
3730
2735
4319
1380
4847
4370
3608
4257
5076
4414
2024
768
2180
4493
4591
315
2789
82
922
357
4211
2442
852
334
1596
2166
3937
4536
1039
1930
1035
1311
4063
4785
3783
3039
1647
1534
843
2536
126
1742
2664
1383
3916
3224
2422
4830
4994
4463
4416
2205
3454
660
1692
630
2882
1839
2745
3750
1129
2109
3922
2269
3852
3762
2977
358
2645
4241
456
329
3538
786
4200
70
2593
3734
3671
3069
675
1982
3561
4880
3071
3952
1806
2145
1420
2720
2643
1120
232
1372
2399
3139
2482
2899
1073
3620
2026
4079
4174
3296
2161
4053
284
2576
1213
4979
1210
2624
2507
2494
4358
2048
1632
4911
253
3674
1447
1726
641
750
726
541
3387
2807
2372
860
4982
2143
783
4976
4694
4663
3325
3257
4738
3356
1131
3519
3585
707
1561
723
1759
3102
3389
2069
3190
405
4452
1150
3191
2319
839
603
2183
4559
4995
2819
1452
4023
4396
221
828
765
1789
3326
28
1593
587
406
2105
998
1900
2863
4480
4505
4375
2449
1472
2369
231
3571
1931
2185
2763
3991
4388
3304
1959
4973
4719
1470
4459
2649
4302
114
585
1192
740
4329
131
2471
96
4042
3718
896
797
4127
3207
35
1474
1431
304
1986
2433
151
1807
2620
3522
4927
4865
4948
2669
4572
1552
1189
4775
2952
2217
4931
3122
2748
3287
81
3147
2673
3150
631
4857
64
1507
2527
3523
4061
573
2955
1835
3788
3469
4360
3339
3014
2595
4652
14
3410
2376
2840
3687
3539
113
1424
3703
1249
802
970
1938
3328
1235
3209
1863
1130
1758
873
4788
4085
1655
4674
2908
2972
3895
3346
3298
125
215
4631
1685
1688
4700
3007
4539
4128
3918
3247
1494
967
632
1868
3936
3437
2953
4670
2282
4508
1599
566
3126
2677
2171
1381
4187
446
4227
4579
441
881
2961
5053
3182
678
3174
4562
2820
1237
74
57
2918
4903
586
2835
4686
4350
3201
3397
5038
4024
4429
2588
2465
2843
5042
79
968
206
2628
1067
4475
1037
670
3668
1477
3004
1415
761
3981
1861
4269
2333
4384
3980
4286
1442
2248
313
4270
1428
4003
582
954
2548
2322
513
3181
1170
816
2719
2184
4668
2662
4055
1304
224
2757
3839
2329
3236
2432
1323
2990
3100
4327
1733
223
2084
4290
3677
2965
976
4918
3576
4357
2613
3131
3958
3676
2233
1529
830
443
4838
2555
2938
1816
3714
2157
299
4862
3974
735
1684
4479
1047
454
1748
3394
3536
525
4967
1169
1787
4392
4254
37
1829
4381
4274
4934
3990
1563
1865
3129
1093
1427
4812
4197
4899
1167
1910
2218
3462
2194
798
3198
3110
3272
2266
3726
1998
2869
4735
3233
1317
4095
3931
3589
1636
4118
4884
590
1406
2324
3798
2679
19
282
2547
4458
2962
2781
301
2501
3602
2071
1098
2181
3737
3721
3544
2997
4808
4969
3215
1794
2188
4671
289
3708
85
937
2639
2251
1720
192
2495
1281
2568
3107
1121
184
1553
3313
584
3073
1041
3428
2551
1524
4330
3189
1444
1388
4816
483
5022
4959
2331
1631
3430
4554
7
2734
273
3710
2927
2209
1436
4011
3566
3032
123
4263
651
3938
4190
235
1299
1834
1421
1054
3868
4033
2521
4695
4158
3635
388
4237
2992
3693
3149
3316
3213
2597
2452
913
4820
4154
1183
3614
2453
4244
5032
4448
1920
885
2438
2387
1960
4726
4715
174
4177
1057
3925
1396
700
4984
3943
4825
3021
3307
1100
3775
26
3360
3985
275
1171
4773
1876
4385
2783
3472
1570
3347
2132
1152
556
1398
1305
3883
1065
3712
1968
1559
3012
3262
4058
2854
181
1310
3650
110
1788
4516
950
4971
3382
4007
1523
2582
969
946
3537
2356
2982
1208
588
4768
4893
4014
2116
4080
2310
2136
3046
530
3742
2562
2330
2124
4701
1061
2771
1325
2762
1059
4376
2732
1216
3103
3145
1374
3951
3396
238
3515
3171
71
230
1007
2371
372
4676
1029
4962
205
3292
1949
4340
3601
4909
1625
1138
3256
2134
1344
3243
353
3176
2608
3075
1411
3424
3964
2388
3205
3440
2207
4992
2846
891
417
3484
2892
1846
733
2488
4842
4170
3797
3695
1096
2774
4019
3104
4540
1695
1908
4756
868
3425
545
1664
1410
3206
2085
2788
2306
962
4018
3259
2784
2083
4920
3193
472
107
2394
2980
2923
4777
1952
2695
50
2693
2834
2199
4144
2718
3443
4766
5054
697
2238
3449
3867
248
391
3332
1693
3603
4759
4040
157
2934
4149
89
76
271
3286
2375
2164
1941
4185
4807
4047
3799
1394
204
3609
563
2398
926
3219
3907
4171
3751
2191
3606
4137
3597
1206
2994
886
3928
601
481
2584
929
4297
1205
3525
1036
1665
1172
2006
2067
3456
4436
3541
2036
2752
3626
1943
2291
2406
669
3825
2596
3967
2454
1334
3036
434
4420
5067
1349
2540
3605
4347
4262
666
2022
657
614
4767
4564
4835
2276
571
1620
4359
919
86
3273
973
2944
3741
884
2352
2475
948
2976
5072
2970
681
4682
518
2377
4795
4549
1319
4471
3617
4126
3583
1517
3051
1644
3968
4345
2893
800
3810
2518
1413
3116
1760
5041
2111
3482
2983
683
756
4831
2378
2836
3401
2801
2046
3530
4299
4853
1731
3682
5017
4293
3878
3826
638
4832
380
1389
894
2323
44
3651
1456
2258
890
2655
2195
1974
3999
3551
348
3709
2005
1842
2033
1691
3028
2746
1767
3027
4936
2731
1814
4542
4803
979
1214
2623
1962
29
4043
2954
3553
34
4547
2366
3840
3941
818
3507
4526
4265
592
4354
3658
2104
1468
3625
4303
3170
4015
3845
2493
4460
1293
156
4229
3084
21
1657
2240
2566
467
421
3429
1034
4067
3218
3173
1350
1343
3795
731
1813
4013
4512
2698
377
3409
4672
112
4212
1745
3217
4476
1810
2192
3267
4208
629
2472
2416
1715
1218
1434
3881
923
3228
3785
825
4617
642
2604
2057
2802
1538
2095
2162
3321
1727
4714
4586
4595
3375
1185
3600
341
2754
239
4764
564
1026
1808
4295
4145
1108
5023
401
482
3843
1626
2337
4556
178
2087
3114
3177
2828
4624
305
1366
1554
150
4114
3700
3567
3953
294
4630
1429
119
3611
1402
5062
4030
2129
2407
2727
932
2995
1728
3305
4455
4991
2155
399
720
3555
3222
4837
1628
2523
409
4287
3303
424
4854
3815
2385
900
4454
2811
546
3591
4958
4655
2327
3238
2490
122
2907
394
3768
2106
4507
2448
2906
4933
2044
625
4134
1401
1521
1750
649
4366
4600
4983
3096
4335
3105
2430
4027
612
1500
4186
4314
1259
4151
379
4482
2678
1220
3550
1966
3474
414
3753
2861
2730
291
296
3338
2357
782
1681
2361
2437
1894
2929
4986
4648
4692
3055
3164
3264
170
3942
1191
1763
3972
4900
1646
146
4393
3784
349
1690
2993
4844
1308
3786
2895
217
212
3106
2015
3083
609
5059
2179
1063
1801
173
1983
2131
3080
1104
3727
163
2691
2214
4351
2228
3739
3070
1871
1913
5007
2625
1892
4878
808
1934
3973
2278
2059
2515
792
2176
4369
3699
1115
1294
2098
2343
3956
985
3011
4253
155
2545
4142
3152
3353
4374
2936
3226
3237
712
423
1927
2725
695
789
4421
3717
1261
3422
3466
2481
66
1094
1016
3334
3801
3477
4084
2295
510
244
5001
2018
951
451
4199
3764
3081
43
1499
1530
5083
24
3719
971
2833
222
3204
2951
297
4406
4829
4705
2543
653
1508
4882
788
1562
965
3274
2077
153
2120
3704
826
411
261
4398
1250
1933
4305
1302
1201
3632
869
3954
4870
1957
2470
3010
109
25
1795
4574
1010
1160
3913
1373
4131
1666
3208
154
3442
359
3076
2151
1135
1443
412
1283
854
3140
3926
767
2068
2589
1678
3341
1999
915
3716
4336
743
3392
4704
408
208
1550
4337
4587
3199
3894
1790
1292
2915
355
3607
3724
5034
2676
1741
3384
2586
1542
3434
3707
4898
3391
4339
1824
1127
4966
690
2365
2852
1699
3467
300
1297
575
117
4426
172
507
4195
319
1385
216
616
2755
1345
3791
4332
4419
2078
606
1485
5086
427
2114
2429
664
1260
1128
4221
2671
2160
1939
4876
912
2558
3017
2933
1815
889
4325
938
2742
1407
3577
2792
4428
4950
476
1095
4502
1336
3471
4250
3135
2016
4065
3977
1272
1184
1675
5021
1109
2607
1181
2117
3654
2674
128
583
3809
2685
568
644
3352
4410
1392
593
1640
4110
2782
2646
3962
3831
4828
5027
2860
3485
4462
4778
1076
4928
330
1391
4855
2564
3949
2534
387
3132
3547
4465
4965
16
1285
4474
4068
927
647
1993
984
4240
2226
1617
1019
2286
2150
4411
2670
4478
2101
561
1426
4851
4238
4248
3644
1335
2738
3886
1082
367
3633
1126
1833
1643
1585
3592
2560
2245
2367
1870
2648
2806
3136
435
4155
3885
3202
4194
4380
4836
1240
3859
2364
1266
40
3598
1582
2103
4867
2875
4693
4636
2082
2682
2187
410
1965
1674
2705
4334
1932
347
3844
842
1418
1483
3789
1901
1995
859
2382
4710
4083
2476
2877
1779
1581
32
3897
3400
3872
1622
2381
806
1354
3856
5081
1840
3438
4852
4666
920
2225
4833
3377
1052
2027
4602
4885
4718
4510
1866
803
4774
2761
1173
3399
3988
1752
1377
1537
4395
694
565
813
1838
3579
445
4993
665
3638
4202
1481
274
4685
908
2559
4815
1307
1256
3904
362
758
3497
4843
1225
1331
4517
2089
2072
338
13
3639
2009
3146
719
4637
1915
4222
3473
5015
306
1492
262
3794
4629
2321
2230
3006
3040
1245
4871
1111
3748
542
4613
1988
4122
1064
3946
4100
3628
3451
3902
47
52
1339
972
1223
2397
1215
3811
5068
127
3694
3082
2169
2263
3015
1438
1114
1881
2400
2034
2458
4673
1850
3404
5016
3279
111
252
138
4935
3834
3251
1062
883
1425
3661
4611
686
3720
2862
3090
1066
709
4651
1615
1512
38
2152
2390
1929
994
4418
3963
3130
3490
730
2289
3853
247
3078
4311
4400
2280
1476
1234
2703
4817
2887
