/opt/anaconda3/bin/python3.6 /root/share/project/kaggle-carvana-cars/build/car-segment/train_seg_net.py
@common.py:
	set random seed
		SEED=235202
	set cuda environment

train_seg_net.py: calling main function ...

--- [START 2017-07-30 18:48:22] ----------------------------------------------------------------

** some project setting **
	SEED    = 235202
	file    = /root/share/project/kaggle-carvana-cars/build/car-segment/train_seg_net.py
	out_dir = /root/share/project/kaggle-carvana-cars/results/xx1

** dataset setting **
** net setting **
<class 'net.segmentation.my_unet.UNet128_1'>

** start training here! **

epoch   iter   rate  |   train_loss   | valid_loss ...
--------------------------------------------------------------------------------------------------
  0.0       1    0.0100   |  0.6175  0.0556 | 0.6175  0.0556 | ... GLib-GIO-Message: Using the 'memory' GSettings backend.  Your settings will not be saved or shared with other applications.
  1.0     135    0.0100   |  0.0483  0.9702 | 0.0431  0.9731 | 0.0415  0.9727  |  0.9 min
  2.0     135    0.0100   |  0.0325  0.9756 | 0.0296  0.9764 | 0.0281  0.9781  |  0.8 min
  3.0     135    0.0100   |  0.0251  0.9800 | 0.0269  0.9783 | 0.0231  0.9806  |  0.9 min
  4.0     135    0.0100   |  0.0223  0.9812 | 0.0242  0.9810 | 0.0202  0.9824  |  0.9 min
  5.0     135    0.0100   |  0.0204  0.9829 | 0.0208  0.9841 | 0.0177  0.9848  |  0.9 min
  6.0     135    0.0100   |  0.0186  0.9839 | 0.0186  0.9840 | 0.0185  0.9833  |  0.9 min
  7.0     135    0.0100   |  0.0186  0.9843 | 0.0176  0.9861 | 0.0158  0.9860  |  0.9 min
  8.0     135    0.0100   |  0.0174  0.9850 | 0.0171  0.9863 | 0.0153  0.9863  |  0.9 min
  9.0     135    0.0100   |  0.0165  0.9858 | 0.0187  0.9851 | 0.0147  0.9867  |  0.9 min
 10.0     135    0.0100   |  0.0161  0.9859 | 0.0153  0.9866 | 0.0151  0.9862  |  0.9 min
 11.0     135    0.0010   |  0.0151  0.9870 | 0.0137  0.9878 | 0.0140  0.9874  |  0.9 min
 12.0     135    0.0010   |  0.0153  0.9869 | 0.0146  0.9873 | 0.0139  0.9875  |  0.9 min
 13.0     135    0.0010   |  0.0145  0.9872 | 0.0146  0.9872 | 0.0139  0.9875  |  0.8 min
 14.0     135    0.0010   |  0.0147  0.9872 | 0.0146  0.9866 | 0.0138  0.9876  |  0.9 min
 15.0     135    0.0010   |  0.0147  0.9873 | 0.0138  0.9880 | 0.0138  0.9876  |  0.9 min

sucess!

Process finished with exit code 0


 12.0     135    0.0100   |  0.0153  0.9868 | 0.0149  0.9871 | 0.0138  0.9873  |  0.9 min
 13.0     135    0.0100   |  0.0146  0.9867 | 0.0139  0.9874 | 0.0134  0.9877  |  0.9 min
 14.0     135    0.0100   |  0.0139  0.9876 | 0.0139  0.9865 | 0.0130  0.9882  |  0.9 min
 15.0     135    0.0100   |  0.0139  0.9878 | 0.0132  0.9878 | 0.0142  0.9868  |  0.9 min
 16.0     135    0.0100   |  0.0135  0.9881 | 0.0129  0.9875 | 0.0126  0.9885  |  0.9 min
 17.0     135    0.0100   |  0.0133  0.9881 | 0.0132  0.9876 | 0.0127  0.9883  |  0.9 min
 18.0     135    0.0100   |  0.0133  0.9884 | 0.0128  0.9878 | 0.0123  0.9887  |  0.9 min
 19.0     135    0.0100   |  0.0132  0.9884 | 0.0120  0.9893 | 0.0122  0.9888  |  0.9 min
 20.0     135    0.0100   |  0.0126  0.9889 | 0.0118  0.9896 | 0.0120  0.9890  |  0.9 min
 21.0     135    0.0010   |  0.0121  0.9895 | 0.0113  0.9900 | 0.0115  0.9895  |  0.9 min
 22.0     135    0.0010   |  0.0120  0.9895 | 0.0121  0.9894 | 0.0115  0.9895  |  0.9 min
 23.0     135    0.0010   |  0.0118  0.9896 | 0.0121  0.9889 | 0.0115  0.9895  |  0.9 min